CourseInTheWards 0.02592912705272256 0.03169251517194875 0.9723422644770959 0.15037086985839515 
PertinentLabFindings 0.02592912705272256 0.16453135536075522 0.9723422644770959 0.28320971004720163 
SurgicalOperationDate 0.09593777009507347 0.29669588671611596 0.3197925669835782 0.3337828725556305 
SurgicalOperationTime 0.09853068280034573 0.3519892110586649 0.23768366464995677 0.38503034389750507 
SurgicalOperationTimeAM 0.23595505617977527 0.3654753877275792 0.2696629213483146 0.3904248145650708 
SurgicalOperationTimePM 0.2783059636992221 0.36345246122724206 0.31374243733794294 0.3931220498988537 
TypeOfAnesthesia 0.02592912705272256 0.4207687120701281 0.4209161624891962 0.4389750505731625 
DischargeDate 0.13050993949870354 0.45583277140930545 0.35782195332757133 0.48887390424814564 
DischargeTime 0.428694900605013 0.45515846257585973 0.6041486603284356 0.48887390424814564 
DischargeTimeAM 0.6015557476231633 0.46999325691166555 0.6395851339671564 0.48887390424814564 
DischargeTimePM 0.6456352636127917 0.47066756574511126 0.6793431287813311 0.4915711395819285 
FinalDiagnosis 0.0881590319792567 0.1341874578556979 0.9723422644770959 0.5920431557653405 
ConditionOfDischarge 0.0881590319792567 0.6250842886041807 0.9723422644770959 0.6776803776129467 
AttendingPhysician 0.30423509075194466 0.6918408631153068 0.766637856525497 0.7113958192852327 
