DateReceived 0.7426597582037997 0.04865220249835635 0.9568221070811744 0.09335963182117028 
NameOfHospital 0.02677029360967185 0.18408941485864563 0.48618307426597585 0.2215647600262985 
CaseNumber 0.5630397236614854 0.16436554898093358 0.9723661485319517 0.18211702827087442 
AdmissionDate 0.6183074265975821 0.18408941485864563 0.7340241796200345 0.2024983563445102 
AdmissionTime 0.7815198618307426 0.18408941485864563 0.8721934369602763 0.2024983563445102 
AdmissionTimeAM 0.8721934369602763 0.18408941485864563 0.9093264248704663 0.2024983563445102 
AdmissionTimePM 0.9153713298791019 0.18408941485864563 0.9499136442141624 0.2024983563445102 
AccreditationNo. 0.6312607944732297 0.2044707429322814 0.9732297063903281 0.2215647600262985 
Number/Street 0.02677029360967185 0.2373438527284681 0.5276338514680483 0.25706771860618016 
Baranggay 0.5293609671848014 0.2373438527284681 0.9732297063903281 0.25706771860618016 
Municipality 0.02677029360967185 0.2715318869165023 0.5276338514680483 0.29125575279421434 
Province 0.5276338514680483 0.2715318869165023 0.7383419689119171 0.29125575279421434 
ZipCode 0.7400690846286702 0.2715318869165023 0.9732297063903281 0.29125575279421434 
LastName 0.027633851468048358 0.3517422748191979 0.45595854922279794 0.3714661406969099 
FirstName 0.027633851468048358 0.3859303090072321 0.45595854922279794 0.4056541748849441 
MiddleName 0.027633851468048358 0.41946088099934253 0.45595854922279794 0.43984220907297833 
Age 0.45768566493955093 0.33727810650887574 0.6217616580310881 0.3714661406969099 
Male 0.6727115716753023 0.3425378040762656 0.6830742659758203 0.34911242603550297 
Female 0.6727115716753023 0.3596318211702827 0.6830742659758203 0.36620644312952005 
AdmittingDiagnosis 0.02677029360967185 0.4536489151873767 0.9723661485319517 0.47337278106508873 
ChiefComplaint 0.02677029360967185 0.4878369493754109 0.9723661485319517 0.5075608152531229 
ReasonOfAdmission 0.02677029360967185 0.5220249835634451 0.9723661485319517 0.5410913872452334 
BriefHistory 0.02677029360967185 0.5562130177514792 0.9723661485319517 0.5752794214332676 
BP 0.2547495682210708 0.591715976331361 0.3903281519861831 0.6081525312294543 
HR 0.41796200345423146 0.591715976331361 0.5621761658031088 0.6081525312294543 
RR 0.5880829015544041 0.591715976331361 0.7305699481865285 0.6081525312294543 
Temp 0.8341968911917098 0.591715976331361 0.9715025906735751 0.6081525312294543 
HEENT 0.02677029360967185 0.6410256410256411 0.9732297063903281 0.6752136752136753 
Chest/Lungs 0.02677029360967185 0.6903353057199211 0.9732297063903281 0.725180802103879 
CVS 0.02677029360967185 0.740302432610125 0.9732297063903281 0.7751479289940828 
Abdomen 0.02677029360967185 0.7909270216962525 0.9732297063903281 0.8264299802761341 
GU 0.02677029360967185 0.8408941485864563 0.9732297063903281 0.8763971071663379 
Skin/Extremities 0.02677029360967185 0.893491124260355 0.9732297063903281 0.9263642340565418 
NeuroExamination 0.02677029360967185 0.9421433267587114 0.9732297063903281 0.9783037475345168 
