Surname 0.562 0.024 0.683 0.053 
FirstName 0.676 0.024 0.886 0.053 
MiddleInitial 0.881 0.024 0.959 0.053 
WardUnit 0.635 0.057 0.736 0.081 
Bed/RoomNo 0.826 0.057 0.937 0.081 
Age 0.551 0.074 0.603 0.1 
Male 0.626 0.077 0.649 0.097 
Female 0.682 0.078 0.707 0.097 
Birthdate 0.839 0.076 0.958 0.097 
CaseNo 0.577 0.091 0.739 0.113 
PhilHealthYes 0.813 0.093 0.833 0.11 
PhilHealthNo 0.851 0.093 0.874 0.111 
NurseIDP1 0.024 0.246 0.164 0.276 
NurseIDP2 0.024 0.268 0.164 0.297 
NurseIDP3 0.024 0.291 0.164 0.318 
NurseIDP4 0.024 0.311 0.164 0.339 
NurseIDP5 0.024 0.331 0.164 0.361 
NurseIDP6 0.024 0.352 0.164 0.382 
NurseIDP7 0.024 0.374 0.164 0.403 
NurseIDP8 0.024 0.395 0.164 0.425 
NurseIDP9 0.024 0.416 0.164 0.446 
NurseIDP10 0.024 0.436 0.164 0.468 
NurseIDP11 0.024 0.459 0.164 0.489 
NurseIDE1 0.024 0.502 0.164 0.531 
NurseIDE2 0.024 0.524 0.164 0.552 
NurseIDE3 0.024 0.546 0.164 0.574 
NurseIDE4 0.024 0.567 0.164 0.595 
NurseIDE5 0.024 0.589 0.164 0.618 
NurseIDE6 0.024 0.609 0.164 0.639 
NurseIDE7 0.024 0.63 0.164 0.659 
NurseIDE8 0.024 0.652 0.164 0.681 
NurseIDE9 0.024 0.672 0.164 0.701 
NurseIDE10 0.024 0.694 0.164 0.723 
NurseIDS1 0.024 0.736 0.164 0.766 
NurseIDS2 0.024 0.759 0.164 0.786 
NurseIDS3 0.024 0.78 0.164 0.809 
NurseIDS4 0.024 0.801 0.164 0.831 
NurseIDS5 0.024 0.822 0.164 0.851 
NurseIDS6 0.024 0.844 0.164 0.872 
NurseIDS7 0.024 0.865 0.164 0.893 
NurseIDS8 0.024 0.886 0.164 0.916 
NurseIDS9 0.024 0.907 0.164 0.936 
NurseIDS10 0.024 0.929 0.164 0.957 
NurseIDS11 0.024 0.951 0.164 0.978 
Parental1 0.152 0.246 0.59 0.276 
Parental2 0.152 0.268 0.59 0.297 
Parental3 0.152 0.291 0.59 0.318 
Parental4 0.152 0.311 0.59 0.339 
Parental5 0.152 0.331 0.59 0.361 
Parental6 0.152 0.352 0.59 0.382 
Parental7 0.152 0.374 0.59 0.403 
Parental8 0.152 0.395 0.59 0.425 
Parental9 0.152 0.416 0.59 0.446 
Parental10 0.152 0.436 0.59 0.468 
Parental11 0.152 0.459 0.59 0.489 
Enteral1 0.152 0.502 0.59 0.531 
Enteral2 0.152 0.524 0.59 0.552 
Enteral3 0.152 0.546 0.59 0.574 
Enteral4 0.152 0.567 0.59 0.595 
Enteral5 0.152 0.589 0.59 0.618 
Enteral6 0.152 0.609 0.59 0.639 
Enteral7 0.152 0.63 0.59 0.659 
Enteral8 0.152 0.652 0.59 0.681 
Enteral9 0.152 0.672 0.59 0.701 
Enteral10 0.152 0.694 0.59 0.723 
Supplement1 0.152 0.736 0.59 0.766 
Supplement2 0.152 0.759 0.59 0.786 
Supplement3 0.152 0.78 0.59 0.809 
Supplement4 0.152 0.801 0.59 0.831 
Supplement5 0.152 0.822 0.59 0.851 
Supplement6 0.152 0.844 0.59 0.872 
Supplement7 0.152 0.865 0.59 0.893 
Supplement8 0.152 0.886 0.59 0.916 
Supplement9 0.152 0.907 0.59 0.936 
Supplement10 0.152 0.929 0.59 0.957 
Supplement11 0.152 0.951 0.59 0.978 
TimeGivenP1 0.577 0.246 0.751 0.276 
TimeGivenP2 0.577 0.268 0.751 0.297 
TimeGivenP3 0.577 0.291 0.751 0.318 
TimeGivenP4 0.577 0.311 0.751 0.339 
TimeGivenP5 0.577 0.331 0.751 0.361 
TimeGivenP6 0.577 0.352 0.751 0.382 
TimeGivenP7 0.577 0.374 0.751 0.403 
TimeGivenP8 0.577 0.395 0.751 0.425 
TimeGivenP9 0.577 0.416 0.751 0.446 
TimeGivenP10 0.577 0.436 0.751 0.468 
TimeGivenP11 0.577 0.459 0.751 0.489 
TimeGivenE1 0.577 0.502 0.751 0.531 
TimeGivenE2 0.577 0.524 0.751 0.552 
TimeGivenE3 0.577 0.546 0.751 0.574 
TimeGivenE4 0.577 0.567 0.751 0.595 
TimeGivenE5 0.577 0.589 0.751 0.618 
TimeGivenE6 0.577 0.609 0.751 0.639 
TimeGivenE7 0.577 0.63 0.751 0.659 
TimeGivenE8 0.577 0.652 0.751 0.681 
TimeGivenE9 0.577 0.672 0.751 0.701 
TimeGivenE10 0.577 0.694 0.751 0.723 
TimeGivenS1 0.577 0.736 0.751 0.766 
TimeGivenS2 0.577 0.759 0.751 0.786 
TimeGivenS3 0.577 0.78 0.751 0.809 
TimeGivenS4 0.577 0.801 0.751 0.831 
TimeGivenS5 0.577 0.822 0.751 0.851 
TimeGivenS6 0.577 0.844 0.751 0.872 
TimeGivenS7 0.577 0.865 0.751 0.893 
TimeGivenS8 0.577 0.886 0.751 0.916 
TimeGivenS9 0.577 0.907 0.751 0.936 
TimeGivenS10 0.577 0.929 0.751 0.957 
TimeGivenS11 0.577 0.951 0.751 0.978 
RemarksP1 0.739 0.246 0.979 0.276 
RemarksP2 0.739 0.268 0.979 0.297 
RemarksP3 0.739 0.291 0.979 0.318 
RemarksP4 0.739 0.311 0.979 0.339 
RemarksP5 0.739 0.331 0.979 0.361 
RemarksP6 0.739 0.352 0.979 0.382 
RemarksP7 0.739 0.374 0.979 0.403 
RemarksP8 0.739 0.395 0.979 0.425 
RemarksP9 0.739 0.416 0.979 0.446 
RemarksP10 0.739 0.436 0.979 0.468 
RemarksP11 0.739 0.459 0.979 0.489 
RemarksE1 0.739 0.502 0.979 0.531 
RemarksE2 0.739 0.524 0.979 0.552 
RemarksE3 0.739 0.546 0.979 0.574 
RemarksE4 0.739 0.567 0.979 0.595 
RemarksE5 0.739 0.589 0.979 0.618 
RemarksE6 0.739 0.609 0.979 0.639 
RemarksE7 0.739 0.63 0.979 0.659 
RemarksE8 0.739 0.652 0.979 0.681 
RemarksE9 0.739 0.672 0.979 0.701 
RemarksE10 0.739 0.694 0.979 0.723 
RemarksS1 0.739 0.736 0.979 0.766 
RemarksS2 0.739 0.759 0.979 0.786 
RemarksS3 0.739 0.78 0.979 0.809 
RemarksS4 0.739 0.801 0.979 0.831 
RemarksS5 0.739 0.822 0.979 0.851 
RemarksS6 0.739 0.844 0.979 0.872 
RemarksS7 0.739 0.865 0.979 0.893 
RemarksS8 0.739 0.886 0.979 0.916 
RemarksS9 0.739 0.907 0.979 0.936 
RemarksS10 0.739 0.929 0.979 0.957 
RemarksS11 0.739 0.951 0.979 0.978 
