LastName 0.09169550173010381 0.10589013898080742 0.27854671280276816 0.1442753143613501 
FirstName 0.2828719723183391 0.10589013898080742 0.5467128027681661 0.1442753143613501 
MiddleInitial 0.5467128027681661 0.10589013898080742 0.6245674740484429 0.1442753143613501 
CaseNo 0.7984429065743944 0.10589013898080742 0.9792387543252595 0.1442753143613501 
WardAndBedNo 0.15570934256055363 0.1628060886829914 0.6349480968858131 0.1839841164791529 
XRayNo 0.7949826989619377 0.1628060886829914 0.9801038062283737 0.1846459298477829 
Diagnosis 0.12110726643598616 0.1846459298477829 0.634083044982699 0.20383851753805426 
Service 0.7958477508650519 0.1872931833223031 0.9775086505190311 0.20450033090668432 
DateOfOperation 0.18858131487889274 0.2058239576439444 0.32612456747404844 0.22369291859695567 
Time 0.39273356401384085 0.20516214427531437 0.4939446366782007 0.2243547319655857 
TimeAM 0.49048442906574397 0.2058239576439444 0.5311418685121108 0.22766379880873594 
TimePM 0.5285467128027682 0.2058239576439444 0.5683391003460208 0.22898742554599602 
Surgeon 0.78719723183391 0.20648577101257445 0.9714532871972318 0.2243547319655857 
Operation 0.11678200692041522 0.2243547319655857 0.4939446366782007 0.2442091330244871 
Elective 0.5164359861591695 0.23229649238914626 0.5285467128027682 0.24090006618133686 
Emergency 0.6003460207612457 0.23229649238914626 0.6124567474048442 0.24090006618133686 
MSSA 0.8771626297577855 0.22898742554599602 0.9048442906574394 0.24884182660489743 
MSSB 0.8979238754325259 0.22898742554599602 0.9247404844290658 0.24884182660489743 
MSSC 0.9204152249134948 0.22898742554599602 0.9463667820069204 0.24884182660489743 
MSSD 0.9411764705882353 0.22898742554599602 0.9662629757785467 0.24884182660489743 
BodyWeight 0.16089965397923875 0.257445400397088 0.27768166089965396 0.2726671078755791 
ConsentYes 0.4290657439446367 0.27928524156187956 0.4411764705882353 0.2878888153540701 
ConsentNo 0.5155709342560554 0.27928524156187956 0.527681660899654 0.2878888153540701 
OralCareYes 0.4282006920415225 0.31634679020516215 0.4403114186851211 0.3249503639973527 
OralCareNo 0.5147058823529411 0.31634679020516215 0.5268166089965398 0.3249503639973527 
SkinPreparationYes 0.4273356401384083 0.33487756452680345 0.43944636678200694 0.343481138318994 
SkinPreparationNo 0.513840830449827 0.33487756452680345 0.5259515570934256 0.343481138318994 
BowelPreparationYes 0.4273356401384083 0.35340833884844475 0.43944636678200694 0.3620119126406353 
BowelPreparationNo 0.5129757785467128 0.35340833884844475 0.5250865051903114 0.3620119126406353 
IntravenousYes 0.4273356401384083 0.37193911317008604 0.43944636678200694 0.3805426869622766 
IntravenousNo 0.513840830449827 0.37193911317008604 0.5259515570934256 0.3805426869622766 
PreAnesthetic1 0.0847750865051903 0.4017207147584381 0.4610726643598616 0.42091330244870945 
PreAnesthetic2 0.0847750865051903 0.4228987425545996 0.4610726643598616 0.43944407677035074 
PreAnesthetic3 0.0847750865051903 0.44076770350761085 0.4610726643598616 0.45797485109199204 
PreAnesthetic1Yes 0.5666089965397924 0.40900066181336864 0.578719723183391 0.41760423560555926 
PreAnesthetic1No 0.653114186851211 0.40900066181336864 0.6652249134948097 0.41760423560555926 
PreAnesthetic2Yes 0.5666089965397924 0.42753143613500993 0.578719723183391 0.43613500992720056 
PreAnesthetic2No 0.653114186851211 0.42753143613500993 0.6652249134948097 0.43613500992720056 
PreAnesthetic3Yes 0.5666089965397924 0.44606221045665123 0.578719723183391 0.45466578424884185 
PreAnesthetic3No 0.653114186851211 0.44606221045665123 0.6652249134948097 0.45466578424884185 
PreAnestheticTime1 0.7119377162629758 0.4017207147584381 0.8243944636678201 0.42091330244870945 
PreAnestheticTime2 0.7119377162629758 0.4228987425545996 0.8243944636678201 0.43944407677035074 
PreAnestheticTime3 0.7119377162629758 0.4414295168762409 0.8243944636678201 0.45797485109199204 
HRPreMed 0.1782006920415225 0.4784910655195235 0.3036332179930796 0.49503639973527463 
BPPreMed 0.1782006920415225 0.49702183984116477 0.3036332179930796 0.5129053606882858 
RRPreMed 0.1782006920415225 0.5155526141628061 0.3036332179930796 0.5314361350099271 
TempPreMed 0.1782006920415225 0.5354070152217075 0.3036332179930796 0.5506287227001986 
HRPostMed 0.3365051903114187 0.4771674387822634 0.4602076124567474 0.49503639973527463 
BPPostMed 0.3365051903114187 0.49636002647253474 0.4602076124567474 0.513567174056916 
RRPostMed 0.3365051903114187 0.514890800794176 0.4602076124567474 0.5320979483785573 
TempPostMed 0.3365051903114187 0.5340833884844474 0.4602076124567474 0.5506287227001986 
AntibioticOrdered1 0.06920415224913495 0.5704831237590999 0.39186851211072665 0.5876902713434812 
AntibioticOrdered2 0.06920415224913495 0.5890138980807412 0.39186851211072665 0.6062210456651225 
AntibioticOrdered3 0.06920415224913495 0.6082064857710126 0.39186851211072665 0.6240900066181337 
SkinTest1 0.4619377162629758 0.5678358702845797 0.578719723183391 0.587028457974851 
SkinTest2 0.4619377162629758 0.5883520847121112 0.578719723183391 0.6055592322964924 
SkinTest3 0.4619377162629758 0.6068828590337525 0.578719723183391 0.6240900066181337 
AntibioticOrdered1Yes 0.6427335640138409 0.5757776307081403 0.6548442906574394 0.5843812045003309 
AntibioticOrdered2Yes 0.6427335640138409 0.5943084050297816 0.6548442906574394 0.6029119788219722 
AntibioticOrdered3Yes 0.6427335640138409 0.6128391793514228 0.6548442906574394 0.6214427531436135 
AntibioticOrdered1No 0.7292387543252595 0.5757776307081403 0.7413494809688581 0.5843812045003309 
AntibioticOrdered2No 0.7292387543252595 0.5943084050297816 0.7413494809688581 0.6029119788219722 
AntibioticOrdered3No 0.7292387543252595 0.6128391793514228 0.7413494809688581 0.6214427531436135 
BloodOrderedYes 0.31920415224913495 0.6313699536730641 0.3313148788927336 0.6399735274652548 
BloodOrderedNo 0.40570934256055363 0.6313699536730641 0.41782006920415227 0.6399735274652548 
BloodType 0.5700692041522492 0.6234281932495036 0.6470588235294118 0.642620780939775 
NoUnitsFreshBlood 0.2958477508650519 0.6843150231634679 0.4731833910034602 0.7021839841164792 
NoUnitsBloodXMatched 0.4740484429065744 0.6843150231634679 0.5865051903114187 0.7021839841164792 
NoUnitsRBC 0.5882352941176471 0.6843150231634679 0.6998269896193772 0.7021839841164792 
NoUnitsRBCXMatched 0.7024221453287197 0.6843150231634679 0.8140138408304498 0.7021839841164792 
SerialNoFreshBlood 0.2958477508650519 0.7035076108537393 0.4731833910034602 0.7213765718067505 
SerialNoBloodXMatched 0.4749134948096886 0.7035076108537393 0.5865051903114187 0.7213765718067505 
SerialNoRBC 0.5882352941176471 0.7035076108537393 0.6998269896193772 0.7213765718067505 
SerialNoRBCXMatched 0.7015570934256056 0.7035076108537393 0.8140138408304498 0.7213765718067505 
IDWristletYes 0.3538062283737024 0.7452018530774321 0.36591695501730104 0.7538054268696228 
FalseTeethRemoveYes 0.35207612456747406 0.7637326273990734 0.36418685121107264 0.7723362011912641 
NailPolishRemoveYes 0.3538062283737024 0.7822634017207147 0.36591695501730104 0.7908669755129054 
AllGarmentsRemoveYes 0.35207612456747406 0.800794176042356 0.36418685121107264 0.8093977498345467 
JewelryRemoveYes 0.35294117647058826 0.8193249503639973 0.36505190311418684 0.827928524156188
XRayPlateYes 0.3538062283737024 0.8378557246856386 0.36591695501730104 0.8464592984778293
SideRailsAppliedYes 0.3538062283737024 0.8563864990072799 0.36591695501730104 0.8649900727994706 
IDWristletNo 0.4403114186851211 0.7452018530774321 0.4524221453287197 0.7538054268696228
FalseTeethRemoveNo 0.43858131487889274 0.7637326273990734 0.45069204152249137 0.7723362011912641 
NailPolishRemoveNo 0.4403114186851211 0.7822634017207147 0.4524221453287197 0.7908669755129054
AllGarmentsRemoveNo 0.43858131487889274 0.800794176042356 0.45069204152249137 0.8093977498345467 
JewelryRemoveNo 0.43944636678200694 0.8491065519523494 0.4515570934256055 0.857928524156188
XRayPlateNo 0.4403114186851211 0.8378557246856386 0.4524221453287197 0.8464592984778293 
SideRailsAppliedNo 0.4403114186851211 0.8563864990072799 0.4524221453287197 0.8649900727994706 
FalseTeethRemovedNone 0.5986159169550173 0.7637326273990734 0.610726643598616 0.7723362011912641 
JewelryRemovedNone 0.5994809688581315 0.8193249503639973 0.6115916955017301 0.827928524156188 
XRayPlateNoNone 0.6003460207612457 0.8378557246856386 0.6124567474048442 0.8464592984778293 
ORNeedSent 0.03546712802768166 0.8881535407015222 0.8373702422145328 0.9245532759761748 
NurseInCharge 0.18858131487889274 0.9318332230311053 0.509515570934256 0.9629384513567174 
ResidentInCharge 0.7076124567474048 0.9338186631369954 0.9835640138408305 0.9629384513567174 
HeadNurse 0.3140138408304498 0.9649238914626076 0.6150519031141869 0.9821310390469887 
Remarks 0.8408304498269896 0.2746525479814692 0.9749134948096886 0.9245532759761748 
